0.11622276157140732 0.5164473652839661
0.9568965435028076 0.8455284833908081
4.324324131011963 0.35395190119743347
0.15310077369213104 0.48750001192092896
0.3675675690174103 0.47521865367889404
0.5939086079597473 1.7787610292434692
0.39750000834465027 0.4906666576862335
0.2963988780975342 0.43558281660079956
0.3284023702144623 0.381538450717926
0.25190839171409607 0.5520504713058472
0.19205297529697418 0.34328359365463257
0.3697916567325592 0.5114942789077759
0.29518070816993713 0.8220338821411133
0.6709677577018738 0.6392405033111572
0.3612903356552124 0.28267475962638855
0.5722379684448242 1.3221757411956787
0.13636364042758942 0.6968325972557068
0.5562310218811035 1.0237153768539429
0.41860464215278625 0.9212598204612732
0.5903614163398743 0.6499999761581421
0.30909091234207153 0.7279999852180481
0.30805686116218567 0.5123287439346313
0.13432836532592773 0.6814159154891968
0.6534653306007385 1.3034483194351196
0.2529761791229248 0.4618055522441864
0.5958701968193054 0.9963099360466003
0.800000011920929 0.7307692170143127
0.28378379344940186 0.5510203838348389
0.8776595592498779 0.47083333134651184
0.13623188436031342 0.5680000185966492
0.4811320900917053 1.0214592218399048
0.1809815913438797 0.5909090638160706
299.0 0.5989304780960083
0.6291793584823608 1.1967213153839111
3.3125 1.319327712059021
0.7323943376541138 1.0847457647323608
0.3297872245311737 0.5527950525283813
0.7730496525764465 0.8115941882133484
290.0 0.5025906562805176
0.24683544039726257 0.6416666507720947
0.22270742058753967 0.42131978273391724
0.3501805067062378 0.4329501986503601
0.48158639669418335 1.2446352243423462
0.35121950507164 1.3083332777023315
0.2634730637073517 0.4161073863506317
0.2916666567325592 0.6423841118812561
1.0394736528396606 0.4975845515727997
0.22848664224147797 0.5984556078910828
10.147058486938477 0.3298245668411255
0.7513089179992676 0.9169054627418518
0.442176878452301 1.5389221906661987
367.0 0.4153846204280853
1.9589041471481323 0.5595667958259583
0.5 0.778761088848114
1.204545497894287 0.598901093006134
0.09737827628850937 0.7544910311698914
0.28346458077430725 0.5876623392105103
0.23446893692016602 0.384269654750824
0.6577777862548828 0.607758641242981
0.3303167521953583 1.5789474248886108
312.0 0.4579439163208008
0.38461539149284363 1.4466019868850708
0.2816092073917389 0.5326460599899292
0.5123287439346313 1.3489362001419067
0.6626505851745605 0.42268040776252747
0.1154562383890152 0.5398457646369934
0.2506393790245056 0.5139318704605103
0.18691588938236237 0.46990740299224854
0.38167938590049744 0.5603448152542114
0.40590405464172363 0.6212766170501709
0.5249999761581421 1.295698881149292
298.0 0.446601927280426
0.1392931342124939 0.4931880235671997
0.25071224570274353 0.5567376017570496
0.34536081552505493 1.0880000591278076
1.78899085521698 0.4757281541824341
0.26274511218070984 0.6345177888870239
0.3439716398715973 0.44106462597846985
0.5912408828735352 0.47297295928001404
0.4134078323841095 0.8602941036224365
0.4673629105091095 0.8733333349227905
0.8863636255264282 0.36625513434410095
0.1666666716337204 0.804444432258606
0.3189964294433594 0.4431372582912445
0.5504807829856873 0.93113774061203
0.6561604738235474 0.5922865271568298
0.7476635575294495 0.8888888955116272
0.834482729434967 1.3963963985443115
0.5451388955116272 0.3525835871696472
0.26433122158050537 0.6751055121421814
0.31147539615631104 0.4953271150588989
282.0 1.0
0.7994012236595154 1.2851711511611938
0.2730158865451813 0.5075187683105469
0.3222222328186035 0.29347825050354004
314.0 0.6526315808296204
0.4046242833137512 1.4299999475479126
0.3315068483352661 0.46385541558265686
0.23648647964000702 0.8484848737716675
0.4563758373260498 0.6564885377883911
