2.5859873294830322 0.9823943376541138
1.2303664684295654 0.7212121486663818
1.5748299360275269 1.2264705896377563
1.1588784456253052 0.9143646359443665
1.2312500476837158 0.8121827244758606
1.7976878881454468 0.991769552230835
1.3296089172363281 0.3993288576602936
2.4285714626312256 0.739130437374115
1.0 0.634361207485199
1.6805555820465088 0.9377509951591492
1.3177965879440308 1.4751131534576416
1.5909091234207153 2.336585283279419
1.8853211402893066 0.9842271208763123
1.5136187076568604 1.0573248863220215
0.9832776188850403 0.5983827710151672
1.1589404344558716 1.546875
1.295698881149292 0.7428571581840515
1.5550661087036133 1.239382266998291
1.0723683834075928 0.8260869383811951
0.9923469424247742 0.9722222089767456
1.6615384817123413 2.0
1.2285714149475098 1.1920374631881714
1.6356275081634521 0.8760806918144226
1.1649999618530273 0.6339622735977173
2.448087453842163 0.5541871786117554
1.7195122241973877 1.6975806951522827
1.8103448152542114 1.01857590675354
1.8384279012680054 0.5662650465965271
1.7941176891326904 0.40740740299224854
1.28125 1.4449760913848877
1.517006754875183 2.3333332538604736
4.300000190734863 0.5474452376365662
0.9189944267272949 0.8567567467689514
1.7375565767288208 0.8730649948120117
1.2469879388809204 0.8650000095367432
1.5414364337921143 1.1698113679885864
1.5564854145050049 2.055000066757202
1.7727272510528564 3.105769157409668
0.460317462682724 1.106870174407959
0.7614879608154297 0.8985849022865295
1.8019323348999023 1.3293172121047974
1.816593885421753 0.8169013857841492
2.7037036418914795 0.5
1.5486725568771362 0.6679536700248718
1.3586387634277344 0.8501026630401611
1.1133004426956177 4.362500190734863
2.094890594482422 0.4722222089767456
1.1729323863983154 1.6883721351623535
1.2755556106567383 1.151260495185852
389.0 0.6413502097129822
2.2910053730010986 1.0260586738586426
1.700507640838623 0.9136690497398376
1.2877094745635986 0.7960526347160339
1.2222222089767456 0.6370106935501099
1.894514799118042 0.41152262687683105
2.6363637447357178 0.9622641801834106
1.817391276359558 0.5502392053604126
0.8295964002609253 0.7586206793785095
1.1493213176727295 0.859099805355072
1.8473281860351562 1.2674771547317505
2.139860153198242 0.5272108912467957
1.0790190696716309 0.8080568909645081
1.4585635662078857 0.7907444834709167
1.1827242374420166 0.8825215101242065
1.28125 0.8049450516700745
2.112449884414673 0.8192488551139832
1.7673267126083374 1.6875
2.7272727489471436 0.5769230723381042
1.7252252101898193 1.3540855646133423
1.5136985778808594 1.073446273803711
1.3806451559066772 0.5569620132446289
0.3918918967247009 1.116438388824463
1.5622119903564453 0.5795454382896423
1.5947136878967285 1.6412556171417236
1.3316326141357422 0.46474358439445496
1.2822966575622559 0.7536764740943909
1.774725317955017 1.2246695756912231
1.1497325897216797 1.0458015203475952
1.7923496961593628 0.8786764740943909
1.4931507110595703 0.6851851940155029
1.2590528726577759 0.8348416090011597
1.0662251710891724 0.9561128616333008
1.1048951148986816 1.0022172927856445
1.134426236152649 1.1205211877822876
1.6183205842971802 1.5036495923995972
1.8258706331253052 0.9319728016853333
2.1318182945251465 0.3891128897666931
1.502793312072754 1.2683544158935547
1.3231292963027954 1.4306049346923828
0.4290909171104431 0.935960590839386
0.813747227191925 0.9569377899169922
1.658986210823059 1.2107279300689697
1.4188679456710815 1.6820083856582642
2.427710771560669 1.8450000286102295
1.4429529905319214 1.5815602540969849
1.5287671089172363 0.6052173972129822
1.4141790866851807 0.6892950534820557
1.6792452335357666 1.281124472618103
1.4328858852386475 0.9333333373069763
1.7055214643478394 0.6303142309188843
